5
8
1
13
9
0
9
7
1
9
7
0
1
0
0
0
0
0
9
1
1
3
1
0
0
0
1
6
3
0
7
3
1
13
0
0
0
0
0
6
2
1
8
4
0
6
2
1
14
11
1
4
0
1
14
3
0
5
0
1
10
1
1
13
1
0
8
5
1
6
5
0
4
2
0
2
0
0
11
6
0
2
1
1
10
7
1
3
0
1
9
1
1
14
9
1
7
5
0
6
5
0
5
2
0
11
3
1
6
4
0
1
0
0
2
0
0
0
0
1
2
1
1
8
5
1
6
0
1
4
0
1
1
0
0
14
4
1
1
0
1
15
2
1
11
1
1
14
11
1
7
2
1
5
2
1
14
8
1
6
2
0
15
6
1
11
2
1
10
3
0
9
4
1
5
0
0
5
2
1
5
0
0
1
0
0
15
0
0
13
9
0
7
4
0
10
9
0
13
5
1
9
5
0
2
1
0
10
8
0
1
0
1
6
0
0
9
4
1
0
0
1
6
1
0
11
1
0
7
1
1
6
3
0
10
8
1
11
1
1
12
8
0
4
3
0
15
13
0
2
0
1
7
3
1
12
6
1
15
6
1
13
5
1
2
0
0
12
5
1
